100001 100100 100101 101010 101010 100110 100101 100001 100100 100100 100101 101001 100101 100111 100111 100111 101010 101011 100101 100100 101011 100111 100100 100110 100001 100101 100111 100101 100111 100110 100100 100001 100100 100011 100001 100011 100010 100011 100101 100011 
100110 100110 101010 101101 101000 100111 110011 111111 1000001 111110 111100 110111 101011 100000 100100 100010 100100 100110 101100 101100 100101 100111 100101 100011 100110 100010 100001 11111 100000 100011 100010 100001 100000 100100 101001 110110 1000110 1000011 110010 101001 
101010 101010 101010 100110 100110 101010 100111 100110 101000 101010 110100 1001011 1010110 111101 101001 100110 100110 101000 101011 111110 1001011 1010001 1001011 1001001 1100000 10101101 11101000 11100000 10001011 10010101 1010000 101011 1001001 10010 111100 10111 110001 101101 1000000 1011101 
10101100 11101001 10010101 1000011 1011011 101101 111001 1001011 1011111 1011010 110011 110111 101000 101100 101010 101100 101110 101001 100111 100010 100110 101011 101010 101001 101010 101101 101101 101001 101111 101101 101001 100111 100111 100111 101010 101101 101111 101100 100111 100101 
101010 111010 1011000 10011100 11001111 11000010 10001111 1011000 1100010 110001 1001010 111110 111110 1100000 1011000 1010101 1001101 1100001 10011010 11000110 1110111 1000000 1010100 101011 111010 110010 110000 111010 111001 110110 101000 101100 101011 101101 101111 101100 101111 111001 1000000 111111 
110110 110010 110100 110100 111100 111110 111100 111110 110110 101110 101010 101001 101110 101110 101010 101110 100110 100101 101001 100101 101001 100111 100101 101011 100111 101001 101101 100110 100101 101010 100110 100110 100100 100100 100101 100001 100011 100110 100111 100101 
100011 100011 100001 11111 100011 100100 100010 100101 100011 100011 100100 100100 100010 100100 100011 100010 100011 100101 100100 100011 100111 101000 100000 100001 100100 100001 100001 100001 100010 100100 100011 100010 100010 100011 100100 100101 100010 100001 100011 100101 
100100 100000 100100 100100 100010 100010 100001 100000 100010 100011 100010 100100 100011 100010 100001 100010 100101 11111 100001 11110 11100 100001 11111 11111 100000 11101 100000 11101 11101 100100 11111 11100 100000 11101 11111 11101 11100 100000 100000 100000 
100000 100011 100000 11111 100010 11110 100000 100001 11101 11110 11101 100001 100010 100001 100010 100010 100011 100010 100101 100011 11111 100010 100011 100011 100010 100001 11101 11111 11110 11100 11110 11100 11100 11011 11101 11101 11100 11110 11110 11110 
11101 11100 11010 11011 100000 11101 11100 100000 11111 11100 11100 11101 11100 11110 11110 11100 11101 11110 11101 11111 11101 11001 11100 11010 100001 11111 100001 100001 11110 11110 11100 11111 100000 100010 100001 100000 100010 11110 100000 100010 
101101 111011 110111 110101 111011 111010 110000 101101 110000 101100 101011 100111 100100 100001 100010 100101 110001 1000101 1010000 1000110 111001 111101 1011000 1101001 1010100 1001101 1001011 110100 111100 110101 101100 110001 101000 101000 100111 101000 101010 101001 101001 101000 
100110 100100 100100 100100 100001 100011 100101 100010 100001 100100 11100 11110 100000 11111 100001 11110 11101 11101 100010 100001 11110 11110 100000 11100 11010 11011 11100 100000 11110 11100 100000 11111 100001 100001 11110 100010 100001 11101 11111 100010 
11100 11100 100001 11101 11010 11111 100001 11110 11100 11111 11011 11111 11110 11011 11011 100000 11110 11110 11100 11101 11010 11011 11111 11101 11111 11111 11110 100001 100010 100000 11100 11101 11110 11100 11101 11010 11101 100000 100000 11110 
11101 11110 11110 11110 11101 11001 11110 11100 11111 100010 11101 11111 11111 11110 100010 11110 11111 100000 100000 100000 11100 100000 11111 11111 11110 100000 11111 11110 100001 11110 11111 100011 100000 100001 100000 100000 100001 100011 100100 100011 
100011 100111 100101 100010 100100 100100 100001 100100 100100 100101 100011 100000 100001 100100 100101 100011 100011 100001 100010 100011 100000 100011 11111 100001 100100 11111 100011 100001 100100 100100 100010 100101 100101 100101 100100 100011 100100 100100 100101 100101 
100100 100101 100110 100100 100011 100010 100011 100100 100010 100001 100100 100100 100011 100010 11110 11101 100010 11111 11110 100001 100001 11111 11011 11101 11111 11011 11100 11111 11100 11101 11101 11110 100010 11111 11111 11111 11110 11101 11110 100000 
11111 100001 11111 11111 11100 11101 11100 10111 11011 11101 11110 11101 100011 100001 100000 100001 100000 11110 100000 100100 100011 11110 11100 11100 11111 11111 100011 100001 100001 100010 11111 100000 100000 11100 11111 11011 11100 100001 11110 100010 
100110 100001 11110 100000 11111 11110 11100 11100 11110 100000 11110 100000 100000 11100 11110 11011 11100 11010 11010 11101 11111 11101 11110 100001 11100 11101 11110 100001 100001 11011 11101 11110 11100 11011 11011 11100 11111 11011 11100 100000 
11110 100010 11110 11101 11101 11101 11111 100001 100000 11111 100001 11111 11101 11100 11110 11111 11011 100000 11110 11100 11101 11101 100000 11100 11101 11001 11000 11011 11010 11011 11100 11101 11110 11101 11011 11111 11110 11011 11010 11000 
11011 11011 11011 100000 100011 100001 11110 11111 11110 11110 11111 11111 100000 100001 100000 11110 100000 100011 100001 11110 100100 100001 100010 100100 100000 100010 100100 100011 100000 100000 100011 100000 11110 11111 100000 100000 11110 11111 100010 100010 
100110 101010 100100 100000 100100 100011 100001 100000 11110 11101 11111 100001 100010 11111 100010 100000 11111 100000 11111 100001 11110 100001 100001 11111 100001 11110 11110 100000 11101 11110 11111 100000 100001 11100 11111 11111 11111 100100 11110 100001 
100000 11101 100000 11110 11110 11101 11110 11110 11101 11110 100010 11111 11101 11100 11110 11111 11100 11110 100010 100001 100001 100010 100010 100001 100000 11101 11110 11110 11011 11100 11100 11110 100010 100011 100010 100011 100000 11111 100010 11110 
11110 100001 100000 11101 11101 11101 11110 100010 100001 100000 100000 11110 100100 100010 100001 100100 11111 11110 11111 100010 100011 100001 100011 100101 100011 100011 100011 100110 100011 100011 100110 100110 100100 100101 100011 11110 100000 100000 11110 11100 
100010 100011 100011 100011 100010 100011 100101 100010 100010 11111 11101 11100 11010 11100 100000 11111 11101 100000 100001 11010 100000 101111 1001110 1100110 1100110 1010011 110111 101101 101110 100110 100111 100101 101000 100100 100100 100110 100100 100101 100000 100010 
100100 100101 101100 100111 100110 101001 101000 101000 100110 100101 100011 100101 101000 100011 100100 100010 100011 100011 100011 100100 100010 100010 11111 11110 100100 11011 11111 100110 100010 100001 11111 11111 11110 100000 100100 100101 100100 100011 100110 100011 
100010 100011 100110 111101 1000010 101011 100101 100011 100000 100110 100001 100101 100011 100100 101000 110010 1001001 1011100 1101011 1110101 1011100 1000000 110101 100110 101010 100011 100000 11110 11101 100010 11111 100001 100000 100011 100011 100100 101100 111011 1010001 1010000 
1000000 111000 110000 101101 101001 101011 101110 101001 100111 101001 100110 100100 100101 100010 100011 100101 100110 100111 100110 100101 100100 100010 100011 100010 100001 100111 101000 101001 101011 110001 1001000 1100101 1101111 1101110 1101110 1101101 1101010 1101001 1100011 1010000 
111010 101111 101010 100101 100101 100011 100100 100011 100010 100001 100001 100011 100010 11111 100001 100001 100010 100111 100101 100101 100110 100010 100100 100101 100110 101000 100101 100101 100010 100100 100111 100110 101000 100111 101000 100111 101000 101001 101001 100111 
100001 100000 11110 100001 11111 100101 101010 100010 11111 100000 100011 100011 11110 100000 100010 100000 100001 100000 100101 100010 100011 100000 11110 100100 100100 100101 100110 100111 100110 100011 100001 100011 100111 100100 100101 100100 100110 100111 100101 100110 
100100 100100 100100 100010 100011 100011 100001 100011 100011 100011 100011 100100 100010 100010 100101 100010 100100 100101 100100 100111 100111 100010 100011 100111 101011 101000 101000 101010 100110 100100 100111 100111 100001 11111 11111 100000 100000 11110 100001 100001 
100000 11111 11101 11101 11100 100010 11111 11111 100110 100100 100111 100100 100011 100001 100010 100101 100101 100100 100101 100101 101011 101100 100111 100111 100100 100100 100111 101000 101011 101011 100100 100001 100101 100011 100010 100011 100110 101000 100101 100101 
100111 101000 100110 100100 100110 100110 100101 100010 100010 100011 101000 101000 100110 100110 101000 100111 100101 100110 100101 100111 100101 100100 100111 100101 100101 100100 100111 100100 100001 11111 100101 100011 100000 11110 11100 100000 100010 100001 100010 100001 
100010 100011 100101 101000 101101 101001 100101 100101 100011 11100 11111 100000 100011 100001 11111 11101 11110 100010 100000 11110 11100 11110 11010 11100 11100 11100 100000 11011 11110 11101 100000 100100 100010 100101 100010 100001 100010 100100 100001 100010 
100110 11111 100000 100001 11110 100001 100001 100000 100001 11100 100010 100001 100000 100101 100010 100010 100100 100100 100110 100100 100101 100110 100110 100100 101001 100111 100111 100101 100110 100111 101000 101011 101101 101100 101010 101100 101011 101101 101110 101101 
101101 101001 101010 101100 101010 101010 101100 110000 101101 101001 101011 101000 101000 101010 101001 100110 100110 100111 100111 101001 101001 101001 101100 101001 101001 101010 101001 101000 101001 101001 100110 100110 100101 100100 100001 100001 100010 100001 100001 11101 
100000 100010 100011 100101 100111 100011 11111 100101 100110 100110 100111 100011 100010 100100 100010 100001 100100 101000 101000 100011 100101 100100 100110 101011 101010 100111 100111 101001 100111 100010 100111 101010 110000 111111 1001101 1010000 1001110 1000101 110000 100101 
101001 101000 101101 101001 100110 101001 101001 100110 100100 100111 100101 100100 101000 100100 100101 100110 100111 100011 100010 100000 11111 100000 100001 11110 11110 11111 100011 100011 100010 100010 100110 100110 100111 100111 100001 100010 100111 100101 100110 100011 
100100 100100 100100 100010 100011 100100 100100 100001 100010 100101 100000 100010 100100 100010 100010 100001 100110 100010 100100 100100 100001 100010 11111 11101 11111 11101 100000 100000 100010 100011 100011 100100 101000 100101 100100 100011 100100 100100 100110 100010 
11110 11111 11111 11110 100000 100011 100101 100000 100000 100011 11101 11111 11100 11011 100000 11110 11111 100100 100001 11011 11111 100000 11100 11110 100000 100000 11111 11100 11110 11100 11100 11111 11101 100000 100000 11100 11110 11101 100000 100000 
100000 100100 100011 100000 100100 100111 11110 11101 11111 11100 11110 100010 100000 11111 11100 11101 100000 100000 11111 11110 100000 11101 11101 11111 11111 11111 11110 100000 11111 100000 11110 11101 100010 11111 100000 11101 11101 11111 100001 100011 