100001 100100 100101 101010 101010 100110 100101 100001 100100 100100 100101 101001 
100101 100111 100111 100111 101010 101011 100101 100100 101011 100111 100100 100110 
100001 100101 100111 100101 100111 100110 100100 100001 100100 100011 100001 100011 
100010 100011 100101 100011 100110 100110 101010 101101 101000 100111 110011 111111 
1000001 111110 111100 110111 101011 100000 100100 100010 100100 100110 101100 101100 
100101 100111 100101 100011 100110 100010 100001 11111 100000 100011 100010 100001 
100000 100100 101001 110110 1000110 1000011 110010 101001 101010 101010 101010 100110 
100110 101010 100111 100110 101000 101010 110100 1001011 1010110 111101 101001 100110 
100110 101000 101011 111110 1001011 1010001 1001011 1001001 1100000 10101101 11101000 11100000 
10001011 10010101 1010000 101011 1001001 10010 111100 10111 110001 101101 1000000 1011101 
10101100 11101001 10010101 1000011 1011011 101101 111001 1001011 1011111 1011010 110011 110111 
101000 101100 101010 101100 101110 101001 100111 100010 100110 101011 101010 101001 