100001 100100 100101 101010 101010 100110 100101 100001 100100 100100 100101 101001 100101 100111 100111 100111 101010 101011 100101 100100 101011 100111 100100 100110 100001 100101 100111 100101 100111 100110 100100 100001 100100 100011 100001 100011 100010 100011 100101 100011 100110 100110 101010 101101 101000 100111 110011 111111 1000001 111110 111100 110111 101011 100000 100100 100010 100100 100110 101100 101100 100101 100111 100101 100011 100110 100010 100001 11111 100000 100011 100010 100001 
100000 100100 101001 110110 1000110 1000011 110010 101001 101010 101010 101010 100110 100110 101010 100111 100110 101000 101010 110100 1001011 1010110 111101 101001 100110 100110 101000 101011 111110 1001011 1010001 1001011 1001001 1100000 10101101 11101000 11100000 10001011 10010101 1010000 101011 1001001 10010 111100 10111 110001 101101 1000000 1011101 10101100 11101001 10010101 1000011 1011011 101101 111001 1001011 1011111 1011010 110011 110111 101000 101100 101010 101100 101110 101001 100111 100010 100110 101011 101010 101001 
101010 101101 101101 101001 101111 101101 101001 100111 100111 100111 101010 101101 101111 101100 100111 100101 101010 111010 1011000 10011100 11001111 11000010 10001111 1011000 1100010 110001 1001010 111110 111110 1100000 1011000 1010101 1001101 1100001 10011010 11000110 1110111 1000000 1010100 101011 111010 110010 110000 111010 111001 110110 101000 101100 101011 101101 101111 101100 101111 111001 1000000 111111 110110 110010 110100 110100 111100 111110 111100 111110 110110 101110 101010 101001 101110 101110 101010 101110 
100110 100101 101001 100101 101001 100111 100101 101011 100111 101001 101101 100110 100101 101010 100110 100110 100100 100100 100101 100001 100011 100110 100111 100101 100011 100011 100001 11111 100011 100100 100010 100101 100011 100011 100100 100100 100010 100100 100011 100010 100011 100101 100100 100011 100111 101000 100000 100001 100100 100001 100001 100001 100010 100100 100011 100010 100010 100011 100100 100101 100010 100001 100011 100101 100100 100000 100100 100100 100010 100010 100001 100000 
100010 100011 100010 100100 100011 100010 100001 100010 100101 11111 100001 11110 11100 100001 11111 11111 100000 11101 100000 11101 11101 100100 11111 11100 100000 11101 11111 11101 11100 100000 100000 100000 100000 100011 100000 11111 100010 11110 100000 100001 11101 11110 11101 100001 100010 100001 100010 100010 100011 100010 100101 100011 11111 100010 100011 100011 100010 100001 11101 11111 11110 11100 11110 11100 11100 11011 11101 11101 11100 11110 11110 11110 
11101 11100 11010 11011 100000 11101 11100 100000 11111 11100 11100 11101 11100 11110 11110 11100 11101 11110 11101 11111 11101 11001 11100 11010 100001 11111 100001 100001 11110 11110 11100 11111 100000 100010 100001 100000 100010 11110 100000 100010 101101 111011 110111 110101 111011 111010 110000 101101 110000 101100 101011 100111 100100 100001 100010 100101 110001 1000101 1010000 1000110 111001 111101 1011000 1101001 1010100 1001101 1001011 110100 111100 110101 101100 110001 
101000 101000 100111 101000 101010 101001 101001 101000 100110 100100 100100 100100 100001 100011 100101 100010 100001 100100 11100 11110 100000 11111 100001 11110 11101 11101 100010 100001 11110 11110 100000 11100 11010 11011 11100 100000 11110 11100 100000 11111 100001 100001 11110 100010 100001 11101 11111 100010 11100 11100 100001 11101 11010 11111 100001 11110 11100 11111 11011 11111 11110 11011 11011 100000 11110 11110 11100 11101 11010 11011 11111 11101 
11111 11111 11110 100001 100010 100000 11100 11101 11110 11100 11101 11010 11101 100000 100000 11110 11101 11110 11110 11110 11101 11001 11110 11100 11111 100010 11101 11111 11111 11110 100010 11110 11111 100000 100000 100000 11100 100000 11111 11111 11110 100000 11111 11110 100001 11110 11111 100011 100000 100001 100000 100000 100001 100011 100100 100011 100011 100111 100101 100010 100100 100100 100001 100100 100100 100101 100011 100000 100001 100100 100101 100011 
100011 100001 100010 100011 100000 100011 11111 100001 100100 11111 100011 100001 100100 100100 100010 100101 100101 100101 100100 100011 100100 100100 100101 100101 100100 100101 100110 100100 100011 100010 100011 100100 100010 100001 100100 100100 100011 100010 11110 11101 100010 11111 11110 100001 100001 11111 11011 11101 11111 11011 11100 11111 11100 11101 11101 11110 100010 11111 11111 11111 11110 11101 11110 100000 11111 100001 11111 11111 11100 11101 11100 10111 
11011 11101 11110 11101 100011 100001 100000 100001 100000 11110 100000 100100 100011 11110 11100 11100 11111 11111 100011 100001 100001 100010 11111 100000 100000 11100 11111 11011 11100 100001 11110 100010 100110 100001 11110 100000 11111 11110 11100 11100 11110 100000 11110 100000 100000 11100 11110 11011 11100 11010 11010 11101 11111 11101 11110 100001 11100 11101 11110 100001 100001 11011 11101 11110 11100 11011 11011 11100 11111 11011 11100 100000 
11110 100010 11110 11101 11101 11101 11111 100001 100000 11111 100001 11111 11101 11100 11110 11111 11011 100000 11110 11100 11101 11101 100000 11100 11101 11001 11000 11011 11010 11011 11100 11101 11110 11101 11011 11111 11110 11011 11010 11000 11011 11011 11011 100000 100011 100001 11110 11111 11110 11110 11111 11111 100000 100001 100000 11110 100000 100011 100001 11110 100100 100001 100010 100100 100000 100010 100100 100011 100000 100000 100011 100000 
11110 11111 100000 100000 11110 11111 100010 100010 100110 101010 100100 100000 100100 100011 100001 100000 11110 11101 11111 100001 100010 11111 100010 100000 11111 100000 11111 100001 11110 100001 100001 11111 100001 11110 11110 100000 11101 11110 11111 100000 100001 11100 11111 11111 11111 100100 11110 100001 100000 11101 100000 11110 11110 11101 11110 11110 11101 11110 100010 11111 11101 11100 11110 11111 11100 11110 100010 100001 100001 100010 100010 100001 
100000 11101 11110 11110 11011 11100 11100 11110 100010 100011 100010 100011 100000 11111 100010 11110 11110 100001 100000 11101 11101 11101 11110 100010 100001 100000 100000 11110 100100 100010 100001 100100 11111 11110 11111 100010 100011 100001 100011 100101 100011 100011 100011 100110 100011 100011 100110 100110 100100 100101 100011 11110 100000 100000 11110 11100 100010 100011 100011 100011 100010 100011 100101 100010 100010 11111 11101 11100 11010 11100 100000 11111 
11101 100000 100001 11010 100000 101111 1001110 1100110 1100110 1010011 110111 101101 101110 100110 100111 100101 101000 100100 100100 100110 100100 100101 100000 100010 100100 100101 101100 100111 100110 101001 101000 101000 100110 100101 100011 100101 101000 100011 100100 100010 100011 100011 100011 100100 100010 100010 11111 11110 100100 11011 11111 100110 100010 100001 11111 11111 11110 100000 100100 100101 100100 100011 100110 100011 100010 100011 100110 111101 1000010 101011 100101 100011 
100000 100110 100001 100101 100011 100100 101000 110010 1001001 1011100 1101011 1110101 1011100 1000000 110101 100110 101010 100011 100000 11110 11101 100010 11111 100001 100000 100011 100011 100100 101100 111011 1010001 1010000 1000000 111000 110000 101101 101001 101011 101110 101001 100111 101001 100110 100100 100101 100010 100011 100101 100110 100111 100110 100101 100100 100010 100011 100010 100001 100111 101000 101001 101011 110001 1001000 1100101 1101111 1101110 1101110 1101101 1101010 1101001 1100011 1010000 
111010 101111 101010 100101 100101 100011 100100 100011 100010 100001 100001 100011 100010 11111 100001 100001 100010 100111 100101 100101 100110 100010 100100 100101 100110 101000 100101 100101 100010 100100 100111 100110 101000 100111 101000 100111 101000 101001 101001 100111 100001 100000 11110 100001 11111 100101 101010 100010 11111 100000 100011 100011 11110 100000 100010 100000 100001 100000 100101 100010 100011 100000 11110 100100 100100 100101 100110 100111 100110 100011 100001 100011 
100111 100100 100101 100100 100110 100111 100101 100110 100100 100100 100100 100010 100011 100011 100001 100011 100011 100011 100011 100100 100010 100010 100101 100010 100100 100101 100100 100111 100111 100010 100011 100111 101011 101000 101000 101010 100110 100100 100111 100111 100001 11111 11111 100000 100000 11110 100001 100001 100000 11111 11101 11101 11100 100010 11111 11111 100110 100100 100111 100100 100011 100001 100010 100101 100101 100100 100101 100101 101011 101100 100111 100111 
100100 100100 100111 101000 101011 101011 100100 100001 100101 100011 100010 100011 100110 101000 100101 100101 100111 101000 100110 100100 100110 100110 100101 100010 100010 100011 101000 101000 100110 100110 101000 100111 100101 100110 100101 100111 100101 100100 100111 100101 100101 100100 100111 100100 100001 11111 100101 100011 100000 11110 11100 100000 100010 100001 100010 100001 100010 100011 100101 101000 101101 101001 100101 100101 100011 11100 11111 100000 100011 100001 11111 11101 
11110 100010 100000 11110 11100 11110 11010 11100 11100 11100 100000 11011 11110 11101 100000 100100 100010 100101 100010 100001 100010 100100 100001 100010 100110 11111 100000 100001 11110 100001 100001 100000 100001 11100 100010 100001 100000 100101 100010 100010 100100 100100 100110 100100 100101 100110 100110 100100 101001 100111 100111 100101 100110 100111 101000 101011 101101 101100 101010 101100 101011 101101 101110 101101 101101 101001 101010 101100 101010 101010 101100 110000 
101101 101001 101011 101000 101000 101010 101001 100110 100110 100111 100111 101001 101001 101001 101100 101001 101001 101010 101001 101000 101001 101001 100110 100110 100101 100100 100001 100001 100010 100001 100001 11101 100000 100010 100011 100101 100111 100011 11111 100101 100110 100110 100111 100011 100010 100100 100010 100001 100100 101000 101000 100011 100101 100100 100110 101011 101010 100111 100111 101001 100111 100010 100111 101010 110000 111111 1001101 1010000 1001110 1000101 110000 100101 
101001 101000 101101 101001 100110 101001 101001 100110 100100 100111 100101 100100 101000 100100 100101 100110 100111 100011 100010 100000 11111 100000 100001 11110 11110 11111 100011 100011 100010 100010 100110 100110 100111 100111 100001 100010 100111 100101 100110 100011 100100 100100 100100 100010 100011 100100 100100 100001 100010 100101 100000 100010 100100 100010 100010 100001 100110 100010 100100 100100 100001 100010 11111 11101 11111 11101 100000 100000 100010 100011 100011 100100 
101000 100101 100100 100011 100100 100100 100110 100010 11110 11111 11111 11110 100000 100011 100101 100000 100000 100011 11101 11111 11100 11011 100000 11110 11111 100100 100001 11011 11111 100000 11100 11110 100000 100000 11111 11100 11110 11100 11100 11111 11101 100000 100000 11100 11110 11101 100000 100000 100000 100100 100011 100000 100100 100111 11110 11101 11111 11100 11110 100010 100000 11111 11100 11101 100000 100000 11111 11110 100000 11101 11101 11111 
11111 11111 11110 100000 11111 100000 11110 11101 100010 11111 100000 11101 11101 11111 100001 100011 100000 11101 100000 100010 11110 100010 100101 100001 100001 100001 100100 100100 100001 11111 100011 11111 11110 11101 100000 100100 100101 100010 100001 100101 100100 100100 101001 101011 100011 100011 101010 101010 101001 100100 100010 100100 100011 11111 100000 100101 100101 100100 100101 101000 100111 101000 100111 101001 110000 101110 101010 101000 101011 111011 1001001 110111 
100010 100001 11100 11100 11111 11101 11101 11100 100001 100011 100011 100010 100011 100100 100000 11101 100000 11101 11111 100001 100010 11111 100010 100010 11111 11110 11100 11010 11100 11101 100011 100001 11101 100000 100000 11101 11100 11010 11001 11111 100011 100010 100001 11101 11100 100001 100001 11110 100011 100010 100100 100011 100100 100110 100001 100001 100000 100011 100111 100100 100101 100111 100110 100100 100010 100000 100100 100000 11111 11100 11011 11101 
11101 11111 100010 100001 11111 100101 100011 100001 11111 100011 100100 100101 100110 100000 11111 100011 100101 100010 100100 100011 100010 100000 100001 100100 100011 100010 100011 11111 11101 11100 100000 11101 100000 100001 11111 100010 100000 100000 100101 100111 101001 100101 100100 100110 101000 101101 101000 100001 11111 100011 101010 100011 100011 100100 100000 100010 100010 11110 11101 100001 100010 100000 100010 100100 100111 101001 101000 100100 100101 100101 101000 101001 
100100 100011 101010 110000 110001 110011 110100 110000 110001 110001 110001 110010 110010 110010 110100 110101 110010 110001 101001 100110 101000 100001 100010 100000 100010 100011 100101 100011 100101 100010 100001 100100 100111 111010 1001010 111000 101000 101001 100110 101000 101010 110010 101101 100101 100111 100010 100011 100011 100000 11110 100010 100010 100001 11101 100011 100001 11111 100011 100010 11110 11111 11111 100001 11111 11110 100000 11110 11101 11110 11000 11100 11101 
11101 100000 11111 100011 100000 100010 11110 11010 11100 11111 11111 11101 100000 11111 100000 100010 100110 100100 100010 100011 100111 101111 101101 101000 101011 101101 101110 110100 111000 110100 110000 110010 111000 111010 110011 101011 101001 100101 100110 101010 110001 110001 100111 100101 101011 101001 101011 100001 100100 100111 100100 100011 100010 100010 100101 100101 100111 100111 101000 100111 100101 100101 100011 100110 101000 101010 100110 100011 100101 100101 100100 100010 
100010 100000 100101 100100 100010 100100 100101 100110 101000 100101 100010 100101 100110 100000 100001 100100 100101 100101 101011 101100 101010 100111 100101 101010 110000 110010 110001 110000 100110 100000 100100 100101 100110 100100 101001 101001 100101 100111 101000 100101 100010 11111 11100 11111 11111 11111 11111 11101 100001 100011 100101 100111 101111 110101 101101 101000 101001 101101 101101 101001 101010 101000 100111 100011 101000 110011 1000000 1010000 1011111 1001111 101110 101011 
101001 100101 101001 111010 1010010 1000100 110111 1000001 1010010 10010011 11001010 11001010 10110100 11000110 10011001 110101 1100001 10000 110110 100100 11001 110101 101011 1001000 1011110 10011000 10000100 1000010 1001111 1010110 111111 1010010 1101100 1101110 1000001 110111 110001 100101 110010 100010 101101 101010 100110 100000 100001 100101 100110 101101 101001 101100 101001 101010 101011 101001 101011 101000 100101 100100 100111 101100 110100 110100 101100 101001 101011 101110 111101 1100011 10100001 10100100 1011010 1000011 
1000011 110101 1001100 1011000 1110011 10101101 11110011 11001101 10000101 1101110 1100011 1110111 1011110 111000 111110 101110 101101 110001 101001 110000 110100 110001 101100 101110 101111 101110 101100 101001 101010 101000 101101 101100 110000 111011 111100 101101 110111 1001101 1000111 111101 111010 110011 101010 101001 100110 101010 101101 100110 101001 101001 100010 100110 100110 100110 100111 100111 101011 101001 101010 101011 100111 100101 101000 101000 100011 100111 100101 100100 100100 100010 100100 100101 
100101 100100 100101 100110 100010 100000 100011 100010 100101 100111 100010 100011 100011 11101 100100 100100 11110 11111 100100 100001 100001 100101 100000 11110 11111 11111 100011 100010 100001 11111 11111 100011 100011 11110 11111 100101 100011 100010 100010 100100 100110 100100 100101 100010 100001 100001 100000 100001 11111 100001 100010 11111 100011 100010 11111 100001 11110 100001 11110 11110 11110 11100 11111 11111 11111 11101 100000 100100 100010 11110 100001 11111 
11110 11110 100000 100000 100000 100001 100001 11111 11100 100000 100011 100011 11111 100001 100010 11110 100011 100011 100000 100000 100001 100001 100010 100010 100001 100100 100001 100011 100001 11110 100100 100100 100100 11111 11110 11010 11010 100001 11011 11011 11101 11011 100001 100001 11101 11101 11111 11110 11100 11101 11111 11101 11101 11110 11111 11101 11110 11110 11101 11100 11001 11011 11101 11100 11110 11110 11100 11111 11101 11111 11100 11011 
11110 11011 11101 11101 11011 11101 100000 100000 11100 100000 100000 11010 11101 100001 100011 100011 101001 110010 111001 110110 110011 110100 101111 101110 110000 101011 101000 100100 100011 100100 100000 100011 100101 101100 101101 101000 101001 101011 111000 1001000 1001110 1010110 1011000 1001100 1010111 1010000 111000 111000 101100 101101 101100 101000 101000 100110 101010 101000 100101 100101 100011 100100 100100 100101 100110 100011 100011 100001 100011 100010 11011 100000 100000 11110 
11110 11011 11100 11110 11101 11101 100000 100000 100000 100001 11111 100000 100000 11101 11100 11111 11111 11100 11010 11011 11101 11100 11110 11101 11101 11011 11011 11111 11100 11110 11111 11111 100010 11111 11110 11100 11101 11110 100000 100011 11101 11110 11100 11101 11111 11101 11100 11011 11001 11100 11101 11001 11100 11100 11100 100000 100000 11100 11101 11101 11111 11110 11101 100001 11100 11101 11110 11111 11111 11110 11110 11110 
11111 11100 11101 11010 11101 11111 100010 11101 11010 11111 11100 11110 100000 11101 100010 100001 11111 100000 100001 11110 100000 100010 11111 100001 100010 100011 100010 100001 100100 100000 100101 100100 100111 100101 100011 100010 100100 100101 100001 100101 100110 100110 100110 100101 100100 100010 100011 100110 100101 100101 100100 100011 100101 100100 100010 100010 100010 100011 100011 100100 100100 100100 100001 100100 100110 100011 100111 100100 100001 100010 100011 100001 
100100 100100 100001 100011 100001 100011 100101 100000 100000 100011 11111 100000 100001 11111 100010 11111 100011 100010 11110 11111 11111 100010 11101 11100 100001 100000 100001 100010 100010 11101 100001 100011 100000 100001 11100 11101 100000 100010 11111 100001 11111 11011 11100 100001 11110 11100 11101 11110 100011 11100 100000 100010 11110 11111 11110 11101 11011 11110 11110 11110 100000 11111 100000 100000 100000 100000 100001 100001 11111 11101 11101 100001 
11111 100011 100010 11111 11110 11111 11110 100001 100100 100010 100000 100000 11111 100001 11110 11111 11110 11101 11111 11101 11010 11011 11010 11100 11000 11001 11011 11000 11011 11111 11101 11100 11111 11110 11100 11101 11010 11001 11100 11111 11110 11011 11101 10110 11001 11011 11001 11001 11101 100001 11110 11010 11110 11101 11101 11111 100000 11111 11110 11100 11100 11001 11101 11101 11100 11110 11010 11101 11110 11011 11010 10111 
11011 11011 11001 11010 11101 11011 11111 11111 11010 11010 11010 11001 11000 11010 11110 11011 11011 11011 11101 11111 11110 100001 100011 11110 11001 11110 100010 100000 100001 11101 11100 11011 100000 100000 11101 100001 100000 11101 100010 100001 100001 100101 100011 100001 100000 11101 11100 11111 100000 11101 11110 11101 11100 11100 11011 11111 100010 100110 100101 100100 100010 100000 11111 11111 11110 11111 100000 11111 11100 11100 100000 100000 
100000 100010 100001 100010 100010 11100 100000 100001 11100 11110 11101 100000 100010 100001 100001 11111 100000 11110 11110 11111 11110 11100 11111 11110 11100 11111 11111 100001 11110 11101 11101 11110 100001 100001 11111 100001 11111 11100 11101 11110 11111 11111 100000 100001 100001 100001 11011 11010 11101 11010 100000 11110 11101 11110 11101 11110 100000 11111 11111 11110 11101 11110 100010 100010 100001 11101 11101 100001 11101 11101 11110 11110 
11110 11111 11111 100000 100001 11100 11011 100000 100011 11110 100001 100001 100100 100000 100001 100010 100001 100011 100011 100010 100101 100100 100101 100101 100100 100011 100001 100000 100001 100000 11101 11101 100000 100100 100011 100010 11111 100000 100000 100000 11111 11111 11110 11001 11100 11011 11101 11110 11100 11101 11100 100000 100111 110111 1011000 1100101 1010111 1000010 101110 100100 100101 100011 100011 100001 100101 100101 100011 100001 100000 100011 100101 100100 
100001 100100 100100 100100 100110 100110 100111 100100 100001 100011 100110 100110 100011 100010 100001 100101 100011 100011 100100 100011 100011 100101 100100 100101 100101 11111 11110 100001 100001 100001 11110 11100 100000 100010 100101 100111 100000 100010 100100 100001 100100 100010 100010 110011 111010 100110 100100 100101 11111 100000 100010 100111 100110 100100 100101 110010 1010001 1101010 1110001 1101111 1011100 1000111 111010 101001 101010 100100 100100 100010 11101 100001 11111 100011 
11101 11100 11111 100000 100111 110111 1001110 1001100 110101 110100 110010 100101 101101 101011 100111 100110 100100 100100 100011 100100 100000 100000 100011 100010 100101 100110 100100 100011 100000 100011 100011 100010 100101 100101 100100 100011 100111 110110 1010001 1101001 1101110 1101100 1101011 1100111 1100011 1011101 1010000 1000001 101111 101001 100111 100000 100101 100001 100001 100001 100010 100101 100011 100011 11111 11110 100010 11111 100000 100010 100011 100011 100010 100011 100100 100011 
100100 100101 100100 100110 100111 100100 101001 100111 100100 100101 100010 100110 101000 100111 101001 100001 100000 11101 11110 11110 11111 100101 100100 100010 11111 11101 100010 100001 11101 11111 100000 11101 100010 100010 100100 100011 100001 100011 100101 11111 100001 100100 100011 100011 100011 100101 100010 100001 100100 100011 100110 100111 100110 100111 100101 100100 100011 100000 100010 100010 100100 100010 100011 100001 100001 100001 100011 100100 100011 100011 100110 100100 
100110 100110 100011 101000 100111 100100 100111 101000 100110 100100 100110 100011 100001 11111 11110 11110 11110 11011 11111 11101 100000 100010 11111 11111 11111 11101 11101 100000 11111 11100 100001 100001 100000 100100 100110 100011 100010 100101 100100 100011 101000 100100 100100 100001 100110 100110 11111 100011 100111 100011 100110 101010 100110 100011 100010 100001 100001 100000 100011 100101 100100 101000 100110 100101 101000 100101 100011 100010 100110 100111 101001 100110 
100100 100110 100100 100101 101001 101000 100110 101001 100110 100100 100110 100011 100110 100100 100100 100110 100011 101000 101000 100100 100101 100001 100010 100010 100011 100011 11110 11111 100000 100000 100100 100110 100100 100110 100101 100100 101010 101001 100110 101000 100101 100000 100010 11101 11100 11111 11111 11101 11111 11011 11110 100011 11110 11101 11110 11100 11011 11111 100000 11010 11011 11110 100000 100001 100001 100001 11111 11111 100000 11110 100001 100001 
100000 100000 11010 11100 100001 11100 11111 11110 11111 11110 11110 11111 100000 100100 100011 100011 100101 100101 100001 100100 100111 101000 101111 101101 101110 101100 100011 100101 100111 100010 100100 101011 110010 110101 110001 101101 101101 101100 101010 101010 101011 101011 101101 101010 101001 101001 101010 101101 101011 101000 100111 100110 101000 101001 101000 100111 100111 101000 100100 100011 101001 101100 101110 101000 101010 100111 100111 101001 100111 100110 100100 100110 
101000 100110 100110 100100 100010 100001 100100 11111 100000 100001 100010 100011 100011 100100 100011 100001 100001 100001 100010 100001 100100 100010 100010 100001 100110 100111 100100 100010 100010 100011 100011 100001 100101 100101 100110 100111 101001 100110 100100 100100 101010 111001 1000001 111010 111001 111000 100100 100101 101001 100101 101011 101001 101011 101100 101011 101000 101101 101011 100101 100110 100100 100100 101011 101101 100110 100111 101000 100011 100010 100010 100010 11111 
11100 100010 100010 100000 100010 100010 100100 100100 100100 100010 100101 100010 100010 100111 100101 100001 100001 100010 100110 11111 11111 100101 100100 100100 100100 100100 100011 11111 100010 100011 100011 100001 100100 100101 100100 100100 100100 100000 100010 100010 100000 100010 100001 100010 100011 100011 100100 100100 101000 100111 100111 100100 100100 100001 11101 100010 100100 100001 11111 11110 100000 100001 100000 100010 100100 100011 100010 11111 11011 11011 11101 11101 
11001 11011 100000 11100 11111 100100 11111 11110 100011 11110 11100 11110 100000 11101 10111 11010 11110 11101 11101 11101 100000 100000 100000 11111 100001 11111 11110 11110 100011 100101 100101 100001 11101 100000 11101 11011 11111 11110 100010 100000 11101 11110 11101 11111 100001 100001 11101 11001 11100 11100 100001 100001 11111 100000 11110 100000 100001 11111 11111 11111 11110 100001 100010 100000 11111 100011 100010 11111 100000 100001 100010 11110 
11101 11111 100101 100100 11110 100001 11101 11101 11100 11100 11110 11110 100010 100111 100100 11101 100000 100001 100100 101000 100110 100010 100011 100110 100010 11101 100000 100011 100000 11110 11110 100010 100010 100010 100100 100010 100011 100110 101001 101110 101011 101001 101000 101010 101101 111010 1001000 110001 100010 11100 10110 11111 11010 11010 11111 100000 100101 100010 100011 100100 100100 11111 11111 11101 11101 100000 11100 11011 11110 11110 11111 100010 
100001 11111 11111 11111 100001 11110 11110 11100 11110 100001 100000 11111 11110 11111 11110 11111 11110 100001 100111 100100 11111 100001 100010 11100 11111 11111 100011 101000 101010 100110 100100 100011 100110 100011 100011 100001 11111 100100 100001 100011 100000 11010 11011 11011 100001 100000 100100 100100 11110 100011 100110 100100 100000 100000 100000 100010 100010 100010 11111 11110 100000 11011 100000 100001 100010 100100 100010 100100 100100 100001 100011 100001 
100001 11100 100000 100000 100000 100001 11111 100001 11101 11111 100011 100011 100100 100001 101001 101110 110000 101111 100111 100100 100101 100101 100101 100001 100010 100100 100100 100011 100001 100000 100000 100000 100010 100001 100100 100000 11111 11110 100010 100100 100110 100011 100100 100101 100101 100110 100101 100100 100111 101000 101100 110000 110011 101111 110001 110000 101100 101011 101011 101111 101101 101101 110000 110000 111010 111100 101110 101000 101010 100011 100001 100000 
100001 100000 100001 100011 100100 100100 100010 100101 110001 1000111 1001110 110111 101010 100110 100011 100101 100011 100110 100011 100010 100011 100011 100010 100010 100011 11111 11111 100001 100001 100000 100011 100001 100001 100011 100011 100110 101100 101000 11110 100001 11111 100000 11100 11110 100000 11011 11111 11011 100001 100010 100001 100010 11111 11111 11101 11100 100000 100001 100001 11011 100010 100110 100001 100011 100010 100010 100110 101001 101100 110010 110000 101001 
101101 101110 101111 101100 101100 101101 101101 110110 1000000 111101 110010 101110 101011 100101 101011 101110 110100 101110 100100 100110 101001 110001 110101 100110 100011 100011 100011 100110 100100 100101 101001 101010 100110 100011 100010 100001 100000 100010 100100 100001 100100 100011 100011 100100 100010 100010 100100 100010 100001 100100 100100 100011 100010 100100 100111 100110 100111 100110 100011 100100 100100 100011 100011 100000 100011 100101 100110 101000 100111 100011 100100 100101 
101010 101011 101011 100111 100100 100100 100100 100101 100010 100101 101000 100110 101010 101011 101101 101100 101010 100111 100100 100001 100000 100001 100001 100001 100011 100101 100011 100010 100111 101001 101000 101010 101010 101010 101101 101001 101001 101011 100101 100100 101001 110100 1011001 10000101 10010011 10000000 1001000 101111 110010 11101 101100 100110 110000 110000 110000 1000000 1001010 1011000 1111011 10001111 1110110 10001000 1111111 110101 111110 110000 11100 110100 11100 110001 100110 101110 
110001 111011 111101 110000 111001 1001101 1010010 1001000 1000101 1000110 111011 110110 110011 101001 101101 100101 101001 100101 100010 11111 11010 11111 100010 101000 101001 100100 101010 101010 101101 101011 101000 101010 101000 100111 100100 100101 100101 101011 110001 101100 101000 101011 110010 1000110 1111011 10001111 1010110 111110 1000100 110100 1001010 1101001 10010111 10101011 10111011 10111101 10101011 10000101 1011100 1000111 111111 101111 110100 101011 101101 110001 110000 101111 110011 110101 101110 110100 
1001000 1000011 101101 101010 101001 101000 101100 101100 101110 110111 1000011 111100 110010 111111 1000110 111110 110101 110001 110000 101011 101011 101010 101001 101000 101010 101101 101100 101011 101011 101110 101101 100111 101000 101000 101000 101011 101010 100111 100100 100010 100110 100011 100101 100111 100101 100010 100011 100101 100100 100110 100110 100100 100100 11111 100011 100010 100101 100111 100111 100101 100100 100100 100000 11111 100000 100100 100100 100011 100100 11110 100010 100010 
100100 100001 100001 100100 100011 100010 100001 100000 100001 100011 100011 100001 100111 100101 100000 100011 100100 100011 100011 100001 100011 100011 100001 11111 11111 100001 100010 11101 100010 100001 100011 100010 11101 11111 11110 100010 100010 11111 100001 11101 100001 100100 100011 100011 11101 11011 11111 11111 11110 11111 11111 11111 100000 11011 11101 11111 100000 100000 100001 11111 100010 100110 100100 100011 100010 100001 100011 100010 100010 100011 100100 100000 
11111 100010 100011 100101 100100 100011 100010 100100 100001 100011 100000 11011 11110 11101 11001 11111 100001 11101 11101 100011 11111 11110 11110 100001 100000 11110 11001 11100 11110 11111 100000 11111 11101 11110 11111 100000 11111 11101 100001 100011 11111 11101 100000 11110 100000 11100 11110 100001 100000 11111 11011 11110 100000 11100 11010 11110 11101 100001 11101 11111 11101 100100 100100 100000 100001 101000 110101 111100 110100 101010 100110 101011 
101111 101101 101001 100110 100001 100000 100001 11110 100011 101001 100101 101000 101000 101011 101001 101111 110001 1000000 1001110 1010110 1110000 1111100 1100111 1011010 1001011 111010 110110 101111 101100 101010 101110 101001 100111 100110 100110 101000 100111 100110 100100 100110 100111 100000 100011 100001 11111 11110 11000 11110 11110 11100 11101 11101 11111 11010 11100 100000 100000 11110 11110 100000 11101 11111 100001 11111 100000 100001 100010 11100 11110 100000 11111 11111 
11111 11011 11111 11101 11011 11110 11110 11101 11101 11101 11100 11100 11110 100000 11110 11100 100001 11111 11011 11110 100000 100000 11011 11011 11101 11100 11111 11101 11110 100000 100010 11111 11110 11111 100010 11110 11110 11111 11110 11110 11100 11011 11011 11110 11100 11011 11101 11100 11100 11101 11101 11011 11100 100000 100001 100000 11101 11110 11111 100000 11001 11111 11110 11100 11110 11111 100100 100000 11110 11100 100010 100110 
11101 100101 100100 100011 100011 100111 101000 101000 100100 100101 100011 100110 100101 100101 100111 100100 100010 100101 100100 100100 100100 100011 100101 101001 100101 100111 100011 100101 100100 100111 100100 100101 100011 100110 100101 100111 100101 100010 100100 100011 100011 101000 100110 100101 100010 100101 100011 101000 100111 100110 100101 101000 100011 11101 11111 11110 11111 100001 11110 100101 100000 100010 11111 100000 11111 100001 11110 11100 11101 100010 100001 11111 
11100 100001 100001 100000 100001 100010 11101 100101 100000 11100 100000 100000 100010 100100 100000 100001 11100 11110 100000 11111 100100 11110 11110 11111 11111 100001 11101 100011 100011 100000 11110 100000 100010 11110 100001 11111 11111 11111 11011 100000 11111 100010 11111 100011 100010 100001 11111 100010 11100 100000 100011 100000 11011 11100 100000 100100 100010 100010 11111 11110 11110 11110 100000 100000 11111 11110 11101 11101 11100 11101 11001 11011 
11110 11001 11110 11011 100000 100000 11101 11100 11001 11100 11100 11100 11100 11100 11010 11101 11100 11101 100000 100000 11110 11100 11011 11101 11100 11111 11011 11101 11011 11100 11101 100010 11111 11111 100000 100001 11110 11100 11111 11100 11100 11100 11010 11101 11110 11011 11010 11011 11111 100001 11100 11111 11101 11100 11110 11110 11101 11101 11110 11101 11001 11011 11111 11010 11110 11111 11110 100000 11101 100000 11110 100001 
100000 100011 100000 100001 100000 100001 11100 11111 11111 11110 11101 100011 100000 11111 11110 100001 100001 100100 100000 100001 100100 11111 100010 11111 100000 11101 11101 11101 11100 100001 11110 11110 11110 100011 100101 100100 100110 100010 11111 100011 100000 11101 100000 100000 11101 11101 11111 11101 100001 100011 100001 11110 100000 100100 100010 100000 100001 11110 11100 11110 11100 11110 100010 100000 100000 100001 100000 100001 100010 100000 11110 11111 
11111 100000 100000 11111 11111 100001 11100 11111 100000 11100 100001 100001 11100 11110 11110 11110 11011 11101 11010 11101 11111 11011 11100 100010 11110 100000 100010 100011 11111 100010 11110 11110 11111 100001 100001 100011 11110 100011 11110 11110 11111 11111 11011 11101 11110 11100 11100 11101 11101 11011 11011 100000 100011 11101 11100 11101 11010 11111 100010 100010 11101 11110 100001 100011 100011 100100 100101 100011 100101 101000 100101 100111 
100011 100000 100001 100011 11100 11110 11110 11111 100010 100101 100110 11110 11110 100011 11111 11110 100000 11110 11100 11111 11101 100000 11111 100000 11101 11011 11111 100010 101001 111100 1011000 1011100 1000011 110011 101101 101100 101010 100011 100011 100100 100100 100011 100001 100010 11111 100011 100110 101000 101000 100111 100110 100101 100010 100110 100100 100001 100001 100101 100100 11111 100001 100011 100001 100100 100001 100011 100100 100101 100001 100011 11111 100011 
100101 11101 11011 100000 100010 100010 11110 11100 11010 11101 100011 101000 100011 100000 100000 100000 11101 11110 100001 100111 100101 101011 100011 100100 100011 100001 100100 101001 100101 101010 101011 111001 1010111 1101100 1101100 1101011 1011100 1001100 1000010 101111 101000 100011 100010 100010 100001 100100 11110 100100 11110 11110 100000 100000 101011 1000010 1001110 111110 110100 110111 110000 101011 101010 100111 100110 100110 100111 100101 100010 100010 11111 100001 100101 100011 
100101 100101 100010 100101 100101 100101 100001 100001 100001 100001 11111 100010 100010 101011 1000110 1100001 1100100 1100001 1011100 1010001 1001001 111101 110000 100110 100111 100010 100100 100101 11100 100000 100010 100010 100010 100111 100010 100001 100000 100000 100000 100010 100011 100100 100011 100011 100010 100011 100110 100101 100011 100101 100100 100111 101001 100110 100011 101000 101001 100110 100011 100111 101000 101000 100011 11111 11101 11100 100000 11110 11100 100100 100000 100000 
100100 100011 100000 100000 11111 100001 100000 100010 100100 100100 100011 100110 100101 100100 100100 100001 100101 101000 101000 100011 100011 101000 100011 100100 100100 100101 100101 100110 100101 100110 101000 100111 100011 100011 100100 11110 11011 11110 100010 100101 100000 100100 100100 100110 100100 100111 100110 101010 100111 100101 100100 100110 100100 100100 100100 100010 100010 100010 100010 11111 100000 11111 11011 11111 11010 11011 11011 11100 11110 11111 11111 100100 
100011 100000 100000 100011 100000 11101 11110 11111 100000 100111 100111 101000 100010 11110 100001 100001 100001 100111 100101 100110 11111 100001 100100 100010 11111 100100 100111 101001 100010 100000 100011 100011 100010 101000 100101 100011 100110 100110 100100 100101 100101 100110 100111 100110 100111 100110 101000 101001 100111 100100 100100 100111 100101 100110 101010 101100 100111 100100 100010 100101 100111 101001 101000 101000 100101 100110 100010 100011 100010 100010 100000 100000 
100010 100000 11101 11101 100001 11111 11111 11111 100100 100101 100100 100100 11110 100001 100100 101010 101011 100111 100001 100011 100001 11111 11111 100000 11110 11101 11101 11111 11011 11100 11000 11011 11011 11101 11100 100000 11100 11100 11110 11101 11111 100000 100000 100001 11110 100001 100001 100011 100010 100011 11110 11100 11101 100010 11110 11111 11110 100000 100100 100100 11110 11111 100010 100100 100001 100011 100111 100001 100110 110001 111110 111101 